Type_of_fiber,Fiber_diameter,Embedded_length,Youngs_modulus_of_fiber,Poisson_ratio_of_fiber,Type_of_matrix,Youngs_modulus_of_matrix,Poissons_ratio_of_matrix,Loading_rate,Prepare_temperature,Test_temperature,IFSS
1,6,42.5,294,0.3,1,3,0.34,6,370,30,67.1
1,6,42.5,294,0.3,1,3,0.34,6,370,30,60.8
1,6,42.5,294,0.3,1,2.5,0.34,6,370,50,68.6
1,6,42.5,294,0.3,1,2.3,0.34,6,370,70,71.8
1,6,42.5,294,0.3,1,2.3,0.34,6,370,70,60.2
1,6,42.5,294,0.3,1,2.3,0.34,6,370,70,56.5
1,6,42.5,294,0.3,1,2.3,0.34,6,370,70,53.6
1,6,42.5,294,0.3,1,2,0.34,6,370,100,86.2
1,6,42.5,294,0.3,1,2,0.34,6,370,100,83.3
1,6,42.5,294,0.3,1,2,0.34,6,370,100,70.9
1,6,42.5,294,0.3,1,2,0.34,6,370,100,63.8
1,6,42.5,294,0.3,1,2,0.34,6,370,100,59.7
1,6,42.5,294,0.3,1,2,0.34,6,370,100,48.9
2,7,50,230,0.2,2,2.74,0.35,0.014,230,25,58.8
2,7,51.3,230,0.2,2,2.74,0.35,0.014,230,25,63.1
2,7,51.6,230,0.2,2,2.74,0.35,0.014,230,25,64
2,7,51.8,230,0.2,2,2.74,0.35,0.014,230,25,60.6
2,7,52.2,230,0.2,2,2.74,0.35,0.014,230,25,66.9
2,7,54.1,230,0.2,2,2.74,0.35,0.014,230,25,65
2,7,54.8,230,0.2,2,2.74,0.35,0.014,230,25,65.8
2,7,54.9,230,0.2,2,2.74,0.35,0.014,230,25,68.1
2,7,56.2,230,0.2,2,2.74,0.35,0.014,230,25,67.9
2,7,56.3,230,0.2,2,2.74,0.35,0.014,230,25,64
2,7,56.3,230,0.2,2,2.74,0.35,0.014,230,25,66.9
2,7,57.2,230,0.2,2,2.74,0.35,0.014,230,25,60.2
2,7,57.6,230,0.2,2,2.74,0.35,0.014,230,25,65.2
2,7,58.4,230,0.2,2,2.74,0.35,0.014,230,25,60.2
2,7,59.4,230,0.2,2,2.74,0.35,0.014,230,25,61.9
2,7,59.9,230,0.2,2,2.74,0.35,0.014,230,25,64.8
2,7,60.5,230,0.2,2,2.74,0.35,0.014,230,25,61.2
2,7,61.2,230,0.2,2,2.74,0.35,0.014,230,25,66
2,7,62.6,230,0.2,2,2.74,0.35,0.014,230,25,69
2,7,62.3,230,0.2,2,2.74,0.35,0.014,230,25,60
2,7,63.2,230,0.2,2,2.74,0.35,0.014,230,25,63.1
2,7,63.6,230,0.2,2,2.74,0.35,0.014,230,25,61.9
2,7,64,230,0.2,2,2.74,0.35,0.014,230,25,69.8
2,7,64.3,230,0.2,2,2.74,0.35,0.014,230,25,65
2,7,64.5,230,0.2,2,2.74,0.35,0.014,230,25,63.1
2,7,65.3,230,0.2,2,2.74,0.35,0.014,230,25,61.9
2,7,66.2,230,0.2,2,2.74,0.35,0.014,230,25,62.9
2,7,67.7,230,0.2,2,2.74,0.35,0.014,230,25,67.9
2,7,67.8,230,0.2,2,2.74,0.35,0.014,230,25,66
2,7,67.6,230,0.2,2,2.74,0.35,0.014,230,25,70
2,7,67.7,230,0.2,2,2.74,0.35,0.014,230,25,63.1
2,7,68.2,230,0.2,2,2.74,0.35,0.014,230,25,62.3
2,7,68.4,230,0.2,2,2.74,0.35,0.014,230,25,70
2,7,69.3,230,0.2,2,2.74,0.35,0.014,230,25,63.1
2,7,70.3,230,0.2,2,2.74,0.35,0.014,230,25,60.6
2,7,70.9,230,0.2,2,2.74,0.35,0.014,230,25,63.1
2,7,71.4,230,0.2,2,2.74,0.35,0.014,230,25,62.9
2,7,72.5,230,0.2,2,2.74,0.35,0.014,230,25,69.8
2,7,73.6,230,0.2,2,2.74,0.35,0.014,230,25,61.9
2,7,74.6,230,0.2,2,2.74,0.35,0.014,230,25,66.9
2,7,75,230,0.2,2,2.74,0.35,0.014,230,25,62.9
2,7,75.4,230,0.2,2,2.74,0.35,0.014,230,25,58.8
2,7,76,230,0.2,2,2.74,0.35,0.014,230,25,60.4
2,7,76.5,230,0.2,2,2.74,0.35,0.014,230,25,61.7
2,7,77.3,230,0.2,2,2.74,0.35,0.014,230,25,66
2,7,77.8,230,0.2,2,2.74,0.35,0.014,230,25,70
2,7,78.9,230,0.2,2,2.74,0.35,0.014,230,25,66
2,7,79.6,230,0.2,2,2.74,0.35,0.014,230,25,61.9
2,7,79.9,230,0.2,2,2.74,0.35,0.014,230,25,61.5
2,7,79.9,230,0.2,2,2.74,0.35,0.014,230,25,63.8
2,7,80,230,0.2,2,2.74,0.35,0.014,230,25,66
2,7,50.2,230,0.2,2,2.74,0.35,0.014,230,-196,76.6
2,7,50.6,230,0.2,2,2.74,0.35,0.014,230,-196,81.7
2,7,51.6,230,0.2,2,2.74,0.35,0.014,230,-196,84.5
2,7,51.8,230,0.2,2,2.74,0.35,0.014,230,-196,76.2
2,7,52,230,0.2,2,2.74,0.35,0.014,230,-196,88.3
2,7,53.6,230,0.2,2,2.74,0.35,0.014,230,-196,96.6
2,7,54.2,230,0.2,2,2.74,0.35,0.014,230,-196,90.9
2,7,55.8,230,0.2,2,2.74,0.35,0.014,230,-196,98.6
2,7,56.3,230,0.2,2,2.74,0.35,0.014,230,-196,92
2,7,56.6,230,0.2,2,2.74,0.35,0.014,230,-196,100.6
2,7,56.9,230,0.2,2,2.74,0.35,0.014,230,-196,93.8
2,7,57.3,230,0.2,2,2.74,0.35,0.014,230,-196,88.9
2,7,57.7,230,0.2,2,2.74,0.35,0.014,230,-196,95.7
2,7,58.2,230,0.2,2,2.74,0.35,0.014,230,-196,90.5
2,7,59.2,230,0.2,2,2.74,0.35,0.014,230,-196,95.3
2,7,60.1,230,0.2,2,2.74,0.35,0.014,230,-196,99.3
2,7,60.6,230,0.2,2,2.74,0.35,0.014,230,-196,95.3
2,7,61.2,230,0.2,2,2.74,0.35,0.014,230,-196,103
2,7,62.2,230,0.2,2,2.74,0.35,0.014,230,-196,108.5
2,7,62.2,230,0.2,2,2.74,0.35,0.014,230,-196,96.2
2,7,63.1,230,0.2,2,2.74,0.35,0.014,230,-196,101.7
2,7,63.4,230,0.2,2,2.74,0.35,0.014,230,-196,100.8
2,7,64.3,230,0.2,2,2.74,0.35,0.014,230,-196,113.6
2,7,64.5,230,0.2,2,2.74,0.35,0.014,230,-196,108
2,7,64.8,230,0.2,2,2.74,0.35,0.014,230,-196,104.7
2,7,65.4,230,0.2,2,2.74,0.35,0.014,230,-196,104.1
2,7,66.5,230,0.2,2,2.74,0.35,0.014,230,-196,107.4
2,7,67.4,230,0.2,2,2.74,0.35,0.014,230,-196,108.7
2,7,67.5,230,0.2,2,2.74,0.35,0.014,230,-196,116.4
2,7,67.8,230,0.2,2,2.74,0.35,0.014,230,-196,119.9
2,7,68,230,0.2,2,2.74,0.35,0.014,230,-196,115.1
2,7,68.1,230,0.2,2,2.74,0.35,0.014,230,-196,103.4
2,7,68.3,230,0.2,2,2.74,0.35,0.014,230,-196,118.8
2,7,68.5,230,0.2,2,2.74,0.35,0.014,230,-196,110.5
2,7,70.4,230,0.2,2,2.74,0.35,0.014,230,-196,119.1
2,7,70.9,230,0.2,2,2.74,0.35,0.014,230,-196,114.2
2,7,71.2,230,0.2,2,2.74,0.35,0.014,230,-196,114.7
2,7,72.2,230,0.2,2,2.74,0.35,0.014,230,-196,127.4
2,7,73.5,230,0.2,2,2.74,0.35,0.014,230,-196,116.8
2,7,74.4,230,0.2,2,2.74,0.35,0.014,230,-196,126.3
2,7,74.7,230,0.2,2,2.74,0.35,0.014,230,-196,120.6
2,7,75.2,230,0.2,2,2.74,0.35,0.014,230,-196,114.6
2,7,75.4,230,0.2,2,2.74,0.35,0.014,230,-196,110.9
2,7,76.2,230,0.2,2,2.74,0.35,0.014,230,-196,123.9
2,7,77.6,230,0.2,2,2.74,0.35,0.014,230,-196,130.1
2,7,77.8,230,0.2,2,2.74,0.35,0.014,230,-196,137.5
2,7,78.1,230,0.2,2,2.74,0.35,0.014,230,-196,131.1
2,7,79,230,0.2,2,2.74,0.35,0.014,230,-196,121.7
2,7,79,230,0.2,2,2.74,0.35,0.014,230,-196,125.6
2,7,79.3,230,0.2,2,2.74,0.35,0.014,230,-196,129.8
2,7,79.6,230,0.2,2,2.74,0.35,0.014,230,-196,133.6
3,7,43.4,230,0.26,3,3.5,0.36,0.02,310,25,25.8
3,7,56.3,230,0.26,3,3.5,0.36,0.02,310,25,33.7
3,7,59.9,230,0.26,3,3.5,0.36,0.02,310,25,28.3
3,7,60.9,230,0.26,3,3.5,0.36,0.02,310,25,39.2
3,7,61.8,230,0.26,3,3.5,0.36,0.02,310,25,32.9
3,7,63.7,230,0.26,3,3.5,0.36,0.02,310,25,26.7
3,7,65.2,230,0.26,3,3.5,0.36,0.02,310,25,33.3
3,7,66.7,230,0.26,3,3.5,0.36,0.02,310,25,32.1
3,7,68.1,230,0.26,3,3.5,0.36,0.02,310,25,34.2
3,7,69,230,0.26,3,3.5,0.36,0.02,310,25,36.5
3,7,69.2,230,0.26,3,3.5,0.36,0.02,310,25,38
3,7,69.6,230,0.26,3,3.5,0.36,0.02,310,25,36.8
3,7,71.5,230,0.26,3,3.5,0.36,0.02,310,25,40.7
3,7,71.9,230,0.26,3,3.5,0.36,0.02,310,25,38.6
3,7,73.4,230,0.26,3,3.5,0.36,0.02,310,25,30.8
3,7,74.5,230,0.26,3,3.5,0.36,0.02,310,25,35.3
3,7,74.7,230,0.26,3,3.5,0.36,0.02,310,25,37.9
3,7,74.7,230,0.26,3,3.5,0.36,0.02,310,25,37.1
3,7,74.5,230,0.26,3,3.5,0.36,0.02,310,25,35.8
3,7,74.1,230,0.26,3,3.5,0.36,0.02,310,25,33.8
3,7,74.5,230,0.26,3,3.5,0.36,0.02,310,25,31.1
3,7,75.1,230,0.26,3,3.5,0.36,0.02,310,25,29.1
3,7,73.6,230,0.26,3,3.5,0.36,0.02,310,25,42.1
3,7,79.3,230,0.26,3,3.5,0.36,0.02,310,25,38.1
3,7,80.8,230,0.26,3,3.5,0.36,0.02,310,25,39.5
3,7,82.1,230,0.26,3,3.5,0.36,0.02,310,25,44.3
3,7,83.8,230,0.26,3,3.5,0.36,0.02,310,25,43.7
3,7,83.4,230,0.26,3,3.5,0.36,0.02,310,25,35.5
3,7,42.5,230,0.26,3,3.5,0.36,0.02,80,25,41.5
3,7,45.6,230,0.26,3,3.5,0.36,0.02,80,25,41.7
3,7,44.7,230,0.26,3,3.5,0.36,0.02,80,25,42
3,7,45.4,230,0.26,3,3.5,0.36,0.02,80,25,40.6
3,7,49.1,230,0.26,3,3.5,0.36,0.02,80,25,42.9
3,7,52.4,230,0.26,3,3.5,0.36,0.02,80,25,43.4
3,7,53.2,230,0.26,3,3.5,0.36,0.02,80,25,51.2
3,7,53.7,230,0.26,3,3.5,0.36,0.02,80,25,50.9
3,7,53.9,230,0.26,3,3.5,0.36,0.02,80,25,47.9
3,7,54.9,230,0.26,3,3.5,0.36,0.02,80,25,46.3
3,7,56.8,230,0.26,3,3.5,0.36,0.02,80,25,47.7
3,7,58.1,230,0.26,3,3.5,0.36,0.02,80,25,41.4
3,7,59.7,230,0.26,3,3.5,0.36,0.02,80,25,45.6
3,7,59.9,230,0.26,3,3.5,0.36,0.02,80,25,44.3
3,7,61.1,230,0.26,3,3.5,0.36,0.02,80,25,48.2
3,7,62.4,230,0.26,3,3.5,0.36,0.02,80,25,51.1
3,7,63.9,230,0.26,3,3.5,0.36,0.02,80,25,49.8
3,7,64.3,230,0.26,3,3.5,0.36,0.02,80,25,48
3,7,65.9,230,0.26,3,3.5,0.36,0.02,80,25,47.6
3,7,64.5,230,0.26,3,3.5,0.36,0.02,80,25,49
3,7,65.3,230,0.26,3,3.5,0.36,0.02,80,25,50.5
3,7,67.4,230,0.26,3,3.5,0.36,0.02,80,25,45.1
3,7,69.1,230,0.26,3,3.5,0.36,0.02,80,25,48.5
3,7,69.5,230,0.26,3,3.5,0.36,0.02,80,25,49
3,7,69.9,230,0.26,3,3.5,0.36,0.02,80,25,42.1
3,7,45.7,230,0.26,3,3.5,0.36,0.02,100,25,55.3
3,7,46.3,230,0.26,3,3.5,0.36,0.02,100,25,44.4
3,7,51,230,0.26,3,3.5,0.36,0.02,100,25,51.9
3,7,52.4,230,0.26,3,3.5,0.36,0.02,100,25,49.8
3,7,53.7,230,0.26,3,3.5,0.36,0.02,100,25,52.6
3,7,54.9,230,0.26,3,3.5,0.36,0.02,100,25,46.5
3,7,56.2,230,0.26,3,3.5,0.36,0.02,100,25,51.9
3,7,57.7,230,0.26,3,3.5,0.36,0.02,100,25,50.1
3,7,62.1,230,0.26,3,3.5,0.36,0.02,100,25,58.3
3,7,63.4,230,0.26,3,3.5,0.36,0.02,100,25,53.2
3,7,63.6,230,0.26,3,3.5,0.36,0.02,100,25,56.7
3,7,63.8,230,0.26,3,3.5,0.36,0.02,100,25,50.8
3,7,66.9,230,0.26,3,3.5,0.36,0.02,100,25,60
3,7,67.8,230,0.26,3,3.5,0.36,0.02,100,25,46.8
3,7,68.6,230,0.26,3,3.5,0.36,0.02,100,25,51.2
3,7,70.9,230,0.26,3,3.5,0.36,0.02,100,25,51.5
3,7,71.4,230,0.26,3,3.5,0.36,0.02,100,25,58.1
3,7,72,230,0.26,3,3.5,0.36,0.02,100,25,55.2
3,7,73.5,230,0.26,3,3.5,0.36,0.02,100,25,52.9
3,7,74.1,230,0.26,3,3.5,0.36,0.02,100,25,54.3
3,7,74.9,230,0.26,3,3.5,0.36,0.02,100,25,52.3
3,7,74.3,230,0.26,3,3.5,0.36,0.02,100,25,46.2
3,7,75.2,230,0.26,3,3.5,0.36,0.02,100,25,47.9
3,7,77.1,230,0.26,3,3.5,0.36,0.02,100,25,54.6
3,7,87.2,230,0.26,3,3.5,0.36,0.02,100,25,55.3
3,7,33,230,0.26,3,3.5,0.36,0.02,110,25,49.2
3,7,41,230,0.26,3,3.5,0.36,0.02,110,25,58.1
3,7,43.3,230,0.26,3,3.5,0.36,0.02,110,25,48.8
3,7,45.2,230,0.26,3,3.5,0.36,0.02,110,25,48.5
3,7,47.9,230,0.26,3,3.5,0.36,0.02,110,25,54
3,7,48.3,230,0.26,3,3.5,0.36,0.02,110,25,52.4
3,7,51.1,230,0.26,3,3.5,0.36,0.02,110,25,47.9
3,7,51.9,230,0.26,3,3.5,0.36,0.02,110,25,56.1
3,7,51.9,230,0.26,3,3.5,0.36,0.02,110,25,57.9
3,7,53.4,230,0.26,3,3.5,0.36,0.02,110,25,47.4
3,7,54.6,230,0.26,3,3.5,0.36,0.02,110,25,47.4
3,7,55,230,0.26,3,3.5,0.36,0.02,110,25,53.5
3,7,56.1,230,0.26,3,3.5,0.36,0.02,110,25,52.4
3,7,55,230,0.26,3,3.5,0.36,0.02,110,25,53
3,7,60.9,230,0.26,3,3.5,0.36,0.02,110,25,53.2
3,7,63.2,230,0.26,3,3.5,0.36,0.02,110,25,47.2
3,7,65.8,230,0.26,3,3.5,0.36,0.02,110,25,57.2
3,7,67.9,230,0.26,3,3.5,0.36,0.02,110,25,57.4
3,7,67.7,230,0.26,3,3.5,0.36,0.02,110,25,52.2
3,7,66.8,230,0.26,3,3.5,0.36,0.02,110,25,47.4
3,7,69.3,230,0.26,3,3.5,0.36,0.02,110,25,48.3
3,7,69.5,230,0.26,3,3.5,0.36,0.02,110,25,51.3
3,7,71.4,230,0.26,3,3.5,0.36,0.02,110,25,56.7
3,7,71.9,230,0.26,3,3.5,0.36,0.02,110,25,47.3
3,7,73.7,230,0.26,3,3.5,0.36,0.02,110,25,57.3
3,7,74.6,230,0.26,3,3.5,0.36,0.02,110,25,49.5
3,7,76.7,230,0.26,3,3.5,0.36,0.02,110,25,55.4
3,7,76.1,230,0.26,3,3.5,0.36,0.02,110,25,54.9
3,7,76.9,230,0.26,3,3.5,0.36,0.02,110,25,54.1
3,7,39.2,230,0.26,3,3.5,0.36,0.02,120,25,58.1
3,7,42.1,230,0.26,3,3.5,0.36,0.02,120,25,54.2
3,7,45.3,230,0.26,3,3.5,0.36,0.02,120,25,54.6
3,7,45.5,230,0.26,3,3.5,0.36,0.02,120,25,58.9
3,7,47.9,230,0.26,3,3.5,0.36,0.02,120,25,54.2
3,7,51.1,230,0.26,3,3.5,0.36,0.02,120,25,59.9
3,7,52.8,230,0.26,3,3.5,0.36,0.02,120,25,55.4
3,7,53.4,230,0.26,3,3.5,0.36,0.02,120,25,60.7
3,7,54.7,230,0.26,3,3.5,0.36,0.02,120,25,55.3
3,7,57.2,230,0.26,3,3.5,0.36,0.02,120,25,53.4
3,7,57.5,230,0.26,3,3.5,0.36,0.02,120,25,55.4
3,7,58.5,230,0.26,3,3.5,0.36,0.02,120,25,55.5
3,7,58.7,230,0.26,3,3.5,0.36,0.02,120,25,53.4
3,7,57.7,230,0.26,3,3.5,0.36,0.02,120,25,54
3,7,60.6,230,0.26,3,3.5,0.36,0.02,120,25,57.9
3,7,61.3,230,0.26,3,3.5,0.36,0.02,120,25,52.2
3,7,62.5,230,0.26,3,3.5,0.36,0.02,120,25,50.8
3,7,63.2,230,0.26,3,3.5,0.36,0.02,120,25,55.9
3,7,63.4,230,0.26,3,3.5,0.36,0.02,120,25,57.5
3,7,64.9,230,0.26,3,3.5,0.36,0.02,120,25,56.8
3,7,65.5,230,0.26,3,3.5,0.36,0.02,120,25,55.6
3,7,65.1,230,0.26,3,3.5,0.36,0.02,120,25,52.4
3,7,65.1,230,0.26,3,3.5,0.36,0.02,120,25,62.5
3,7,67.2,230,0.26,3,3.5,0.36,0.02,120,25,58.5
3,7,67.2,230,0.26,3,3.5,0.36,0.02,120,25,57.7
3,7,67,230,0.26,3,3.5,0.36,0.02,120,25,55.2
3,7,67.7,230,0.26,3,3.5,0.36,0.02,120,25,55.6
3,7,67.9,230,0.26,3,3.5,0.36,0.02,120,25,52.8
3,7,69.4,230,0.26,3,3.5,0.36,0.02,120,25,52.1
3,7,70.6,230,0.26,3,3.5,0.36,0.02,120,25,51
3,7,71.1,230,0.26,3,3.5,0.36,0.02,120,25,58
3,7,71.1,230,0.26,3,3.5,0.36,0.02,120,25,54.7
3,7,72.8,230,0.26,3,3.5,0.36,0.02,120,25,55.9
3,7,72.8,230,0.26,3,3.5,0.36,0.02,120,25,55.1
3,7,78.1,230,0.26,3,3.5,0.36,0.02,120,25,62.3
3,7,51.8,230,0.26,3,3.5,0.36,0.02,150,25,51.9
3,7,53.7,230,0.26,3,3.5,0.36,0.02,150,25,47.7
3,7,56,230,0.26,3,3.5,0.36,0.02,150,25,46.5
3,7,53.9,230,0.26,3,3.5,0.36,0.02,150,25,55
3,7,56.8,230,0.26,3,3.5,0.36,0.02,150,25,50.8
3,7,57.3,230,0.26,3,3.5,0.36,0.02,150,25,51
3,7,57.2,230,0.26,3,3.5,0.36,0.02,150,25,54.8
3,7,59.7,230,0.26,3,3.5,0.36,0.02,150,25,53.7
3,7,60.6,230,0.26,3,3.5,0.36,0.02,150,25,48.3
3,7,61,230,0.26,3,3.5,0.36,0.02,150,25,46.8
3,7,62.5,230,0.26,3,3.5,0.36,0.02,150,25,55.4
3,7,63.5,230,0.26,3,3.5,0.36,0.02,150,25,55.9
3,7,66.9,230,0.26,3,3.5,0.36,0.02,150,25,46.4
3,7,67.3,230,0.26,3,3.5,0.36,0.02,150,25,57.1
3,7,67.7,230,0.26,3,3.5,0.36,0.02,150,25,50
3,7,68.5,230,0.26,3,3.5,0.36,0.02,150,25,54.7
3,7,70.3,230,0.26,3,3.5,0.36,0.02,150,25,47.7
3,7,70.6,230,0.26,3,3.5,0.36,0.02,150,25,55.4
3,7,72.9,230,0.26,3,3.5,0.36,0.02,150,25,56.7
3,7,77.6,230,0.26,3,3.5,0.36,0.02,150,25,49.7
3,7,77.6,230,0.26,3,3.5,0.36,0.02,150,25,52.5
3,7,96.7,230,0.26,3,3.5,0.36,0.02,150,25,50.1
3,7,54.2,230,0.26,3,3.5,0.36,0.02,230,25,54.4
3,7,56.1,230,0.26,3,3.5,0.36,0.02,230,25,50.8
3,7,57.2,230,0.26,3,3.5,0.36,0.02,230,25,48.9
3,7,57.4,230,0.26,3,3.5,0.36,0.02,230,25,46.8
3,7,59.5,230,0.26,3,3.5,0.36,0.02,230,25,47.2
3,7,59.9,230,0.26,3,3.5,0.36,0.02,230,25,52.2
3,7,60.3,230,0.26,3,3.5,0.36,0.02,230,25,54.9
3,7,61.1,230,0.26,3,3.5,0.36,0.02,230,25,55.8
3,7,62.4,230,0.26,3,3.5,0.36,0.02,230,25,54.2
3,7,64.1,230,0.26,3,3.5,0.36,0.02,230,25,50.5
3,7,66.2,230,0.26,3,3.5,0.36,0.02,230,25,49.4
3,7,66.4,230,0.26,3,3.5,0.36,0.02,230,25,48.6
3,7,66.4,230,0.26,3,3.5,0.36,0.02,230,25,46.5
3,7,67.3,230,0.26,3,3.5,0.36,0.02,230,25,46.5
3,7,66.8,230,0.26,3,3.5,0.36,0.02,230,25,52
3,7,67.2,230,0.26,3,3.5,0.36,0.02,230,25,52.2
3,7,67.4,230,0.26,3,3.5,0.36,0.02,230,25,53.5
3,7,68.7,230,0.26,3,3.5,0.36,0.02,230,25,49
3,7,68.9,230,0.26,3,3.5,0.36,0.02,230,25,50.5
3,7,70.2,230,0.26,3,3.5,0.36,0.02,230,25,52.9
3,7,70.6,230,0.26,3,3.5,0.36,0.02,230,25,53.9
3,7,82.2,230,0.26,3,3.5,0.36,0.02,230,25,51.7
5,17.5,114.7,230,0.2,4,3,0.36,0.01,150,25,20.6
5,17.5,123.1,230,0.2,4,3,0.36,0.01,150,25,24.1
5,17.5,148.3,230,0.2,4,3,0.36,0.01,150,25,23.7
5,17.5,165,230,0.2,4,3,0.36,0.01,150,25,20.2
5,17.5,162.2,230,0.2,4,3,0.36,0.01,150,25,23.5
5,17.5,179,230,0.2,4,3,0.36,0.01,150,25,23
5,17.5,184.6,230,0.2,4,3,0.36,0.01,150,25,22.7
5,17.5,193,230,0.2,4,3,0.36,0.01,150,25,19.8
5,17.5,198.6,230,0.2,4,3,0.36,0.01,150,25,17.7
5,17.5,198.6,230,0.2,4,3,0.36,0.01,150,25,24.1
5,17.5,215.4,230,0.2,4,3,0.36,0.01,150,25,21.7
5,17.5,226.6,230,0.2,4,3,0.36,0.01,150,25,19.3
5,17.5,235,230,0.2,4,3,0.36,0.01,150,25,17.3
5,17.5,251.7,230,0.2,4,3,0.36,0.01,150,25,17.1
5,17.5,237.8,230,0.2,4,3,0.36,0.01,150,25,22.2
5,17.5,257.3,230,0.2,4,3,0.36,0.01,150,25,19.6
5,17.5,274.1,230,0.2,4,3,0.36,0.01,150,25,19.2
5,17.5,254.5,230,0.2,4,3,0.36,0.01,150,25,21.7
5,17.5,262.9,230,0.2,4,3,0.36,0.01,150,25,23.1
5,17.5,271.3,230,0.2,4,3,0.36,0.01,150,25,22.6
5,17.5,282.5,230,0.2,4,3,0.36,0.01,150,25,21.5
5,17.5,285.3,230,0.2,4,3,0.36,0.01,150,25,19.8
5,17.5,293.7,230,0.2,4,3,0.36,0.01,150,25,19.6
5,17.5,299.3,230,0.2,4,3,0.36,0.01,150,25,21.7
5,17.5,313.3,230,0.2,4,3,0.36,0.01,150,25,20.1
5,17.5,321.7,230,0.2,4,3,0.36,0.01,150,25,17.9
5,17.5,330.1,230,0.2,4,3,0.36,0.01,150,25,16.7
5,17.5,349.7,230,0.2,4,3,0.36,0.01,150,25,17.3
5,17.5,352.4,230,0.2,4,3,0.36,0.01,150,25,18.8
5,17.5,335.7,230,0.2,4,3,0.36,0.01,150,25,20.2
5,17.5,318.9,230,0.2,4,3,0.36,0.01,150,25,21.7
5,17.5,332.9,230,0.2,4,3,0.36,0.01,150,25,20.9
5,17.5,321.7,230,0.2,4,3,0.36,0.01,150,25,22.1
5,17.5,327.3,230,0.2,4,3,0.36,0.01,150,25,22.4
5,17.5,335.7,230,0.2,4,3,0.36,0.01,150,25,22.2
5,17.5,349.7,230,0.2,4,3,0.36,0.01,150,25,21.8
5,17.5,372,230,0.2,4,3,0.36,0.01,150,25,23.1
5,17.5,377.6,230,0.2,4,3,0.36,0.01,150,25,21.8
5,17.5,391.6,230,0.2,4,3,0.36,0.01,150,25,20.6
5,17.5,436.4,230,0.2,4,3,0.36,0.01,150,25,17.2
5,17.5,405.6,230,0.2,4,3,0.36,0.01,150,25,21.7
5,17.5,408.4,230,0.2,4,3,0.36,0.01,150,25,23.2
5,17.5,556.6,230,0.2,4,3,0.36,0.01,150,25,17.6
4,7.2,65,90,0.17,4,3,0.36,0.01,150,25,35.3
4,7.2,65,90,0.17,4,3,0.36,0.01,150,25,41.2
4,7.2,63.3,90,0.17,4,3,0.36,0.01,150,25,45.3
4,7.2,81.7,90,0.17,4,3,0.36,0.01,150,25,35.1
4,7.2,81.7,90,0.17,4,3,0.36,0.01,150,25,46.8
4,7.2,91.7,90,0.17,4,3,0.36,0.01,150,25,41
4,7.2,93.3,90,0.17,4,3,0.36,0.01,150,25,36.9
4,7.2,106.7,90,0.17,4,3,0.36,0.01,150,25,33.5
4,7.2,120,90,0.17,4,3,0.36,0.01,150,25,32.4
4,7.2,115,90,0.17,4,3,0.36,0.01,150,25,36
4,7.2,111.7,90,0.17,4,3,0.36,0.01,150,25,46.3
4,7.2,120,90,0.17,4,3,0.36,0.01,150,25,39.9
4,7.2,128.3,90,0.17,4,3,0.36,0.01,150,25,40.7
4,7.2,158.3,90,0.17,4,3,0.36,0.01,150,25,33.8
5,17.5,155.9,75.7,0.17,4,3.259,0.36,0.01,150,25.6,20.9
5,17.5,161.8,75.7,0.17,4,3.259,0.36,0.01,150,25.6,23.3
5,17.5,167.8,75.7,0.17,4,3.259,0.36,0.01,150,25.6,21.5
5,17.5,233.7,75.7,0.17,4,3.259,0.36,0.01,150,25.6,26.8
5,17.5,257.7,75.7,0.17,4,3.259,0.36,0.01,150,25.6,25.5
5,17.5,287.6,75.7,0.17,4,3.259,0.36,0.01,150,25.6,23.1
5,17.5,259.2,75.7,0.17,4,3.259,0.36,0.01,150,25.6,27.3
5,17.5,298.1,75.7,0.17,4,3.259,0.36,0.01,150,25.6,25.4
5,17.5,377.5,75.7,0.17,4,3.259,0.36,0.01,150,25.6,25.2
5,17.5,182.8,75.7,0.17,4,2.955,0.36,0.01,150,40,20.7
5,17.5,239.7,75.7,0.17,4,2.955,0.36,0.01,150,40,19.4
5,17.5,251.7,75.7,0.17,4,2.955,0.36,0.01,150,40,19.7
5,17.5,262.2,75.7,0.17,4,2.955,0.36,0.01,150,40,19.4
5,17.5,280.1,75.7,0.17,4,2.955,0.36,0.01,150,40,18.3
5,17.5,307.1,75.7,0.17,4,2.955,0.36,0.01,150,40,17.3
5,17.5,349,75.7,0.17,4,2.955,0.36,0.01,150,40,18.8
5,17.5,368.5,75.7,0.17,4,2.955,0.36,0.01,150,40,18.3
5,17.5,388,75.7,0.17,4,2.955,0.36,0.01,150,40,18
5,17.5,456.8,75.7,0.17,4,2.955,0.36,0.01,150,40,17.5
5,17.5,462.8,75.7,0.17,4,2.955,0.36,0.01,150,40,18.9
5,17.5,480.8,75.7,0.17,4,2.955,0.36,0.01,150,40,19.6
5,17.5,212.8,75.7,0.17,4,2.786,0.36,0.01,150,60,16.9
5,17.5,227.7,75.7,0.17,4,2.786,0.36,0.01,150,60,16.2
5,17.5,238.2,75.7,0.17,4,2.786,0.36,0.01,150,60,15.1
5,17.5,263.7,75.7,0.17,4,2.786,0.36,0.01,150,60,16.1
5,17.5,271.2,75.7,0.17,4,2.786,0.36,0.01,150,60,15.7
5,17.5,283.1,75.7,0.17,4,2.786,0.36,0.01,150,60,16.3
5,17.5,286.1,75.7,0.17,4,2.786,0.36,0.01,150,60,17.3
5,17.5,295.1,75.7,0.17,4,2.786,0.36,0.01,150,60,14.3
5,17.5,323.6,75.7,0.17,4,2.786,0.36,0.01,150,60,14
5,17.5,347.5,75.7,0.17,4,2.786,0.36,0.01,150,60,15.4
5,17.5,370,75.7,0.17,4,2.786,0.36,0.01,150,60,15.6
5,17.5,380.5,75.7,0.17,4,2.786,0.36,0.01,150,60,16.2
5,17.5,404.4,75.7,0.17,4,2.786,0.36,0.01,150,60,15.5
5,17.5,431.4,75.7,0.17,4,2.786,0.36,0.01,150,60,14.3
5,17.5,455.3,75.7,0.17,4,2.786,0.36,0.01,150,60,13.8
5,17.5,194.8,75.7,0.17,4,2.185,0.36,0.01,150,80,15.2
5,17.5,209.8,75.7,0.17,4,2.185,0.36,0.01,150,80,14.1
5,17.5,253.2,75.7,0.17,4,2.185,0.36,0.01,150,80,12.9
5,17.5,295.1,75.7,0.17,4,2.185,0.36,0.01,150,80,13.5
5,17.5,302.6,75.7,0.17,4,2.185,0.36,0.01,150,80,12.3
5,17.5,310.1,75.7,0.17,4,2.185,0.36,0.01,150,80,11.9
5,17.5,314.6,75.7,0.17,4,2.185,0.36,0.01,150,80,11.9
5,17.5,316.1,75.7,0.17,4,2.185,0.36,0.01,150,80,13.6
5,17.5,326.6,75.7,0.17,4,2.185,0.36,0.01,150,80,11.3
5,17.5,338.5,75.7,0.17,4,2.185,0.36,0.01,150,80,12.7
5,17.5,347.5,75.7,0.17,4,2.185,0.36,0.01,150,80,12.1
5,17.5,356.5,75.7,0.17,4,2.185,0.36,0.01,150,80,13.5
5,17.5,404.4,75.7,0.17,4,2.185,0.36,0.01,150,80,10
5,17.5,417.9,75.7,0.17,4,2.185,0.36,0.01,150,80,9.5
5,17.5,425.4,75.7,0.17,4,2.185,0.36,0.01,150,80,12.5
5,17.5,426.9,75.7,0.17,4,2.185,0.36,0.01,150,80,10.2
5,17.5,431.4,75.7,0.17,4,2.185,0.36,0.01,150,80,10.7
5,17.5,453.8,75.7,0.17,4,2.185,0.36,0.01,150,80,9.9
5,17.5,456.8,75.7,0.17,4,2.185,0.36,0.01,150,80,11.9
5,17.5,459.8,75.7,0.17,4,2.185,0.36,0.01,150,80,10.6
5,17.5,462.8,75.7,0.17,4,2.185,0.36,0.01,150,80,11.5
5,17.5,470.3,75.7,0.17,4,2.185,0.36,0.01,150,80,10.3
5,17.5,510.7,75.7,0.17,4,2.185,0.36,0.01,150,80,11.7
5,17.5,513.7,75.7,0.17,4,2.185,0.36,0.01,150,80,10.9
5,17.5,170.8,75.7,0.17,4,1.731,0.36,0.01,150,100,13.7
5,17.5,212.8,75.7,0.17,4,1.731,0.36,0.01,150,100,12
5,17.5,286.1,75.7,0.17,4,1.731,0.36,0.01,150,100,9.4
5,17.5,304.1,75.7,0.17,4,1.731,0.36,0.01,150,100,8.9
5,17.5,305.6,75.7,0.17,4,1.731,0.36,0.01,150,100,8.2
5,17.5,356.5,75.7,0.17,4,1.731,0.36,0.01,150,100,9.6
5,17.5,391,75.7,0.17,4,1.731,0.36,0.01,150,100,9.2
5,17.5,405.9,75.7,0.17,4,1.731,0.36,0.01,150,100,8.1
5,17.5,449.3,75.7,0.17,4,1.731,0.36,0.01,150,100,7.2
5,17.5,465.8,75.7,0.17,4,1.731,0.36,0.01,150,100,8.4
5,17.5,480.8,75.7,0.17,4,1.731,0.36,0.01,150,100,6.9
5,17.5,512.2,75.7,0.17,4,1.731,0.36,0.01,150,100,6.7
5,17.5,533.2,75.7,0.17,4,1.731,0.36,0.01,150,100,8
5,17.5,537.7,75.7,0.17,4,1.731,0.36,0.01,150,100,6.7
5,17.5,587.1,75.7,0.17,4,1.731,0.36,0.01,150,100,7.5
5,17.5,124.4,75.7,0.17,4,1.731,0.36,0.01,150,120,11.9
5,17.5,139.4,75.7,0.17,4,1.731,0.36,0.01,150,120,10.6
5,17.5,157.4,75.7,0.17,4,1.731,0.36,0.01,150,120,11.6
5,17.5,197.8,75.7,0.17,4,1.731,0.36,0.01,150,120,9
5,17.5,340,75.7,0.17,4,1.731,0.36,0.01,150,120,7.5
5,17.5,370,75.7,0.17,4,1.731,0.36,0.01,150,120,5.4
5,17.5,402.9,75.7,0.17,4,1.731,0.36,0.01,150,120,4.1
5,17.5,423.9,75.7,0.17,4,1.731,0.36,0.01,150,120,5.9
5,17.5,438.9,75.7,0.17,4,1.731,0.36,0.01,150,120,4.5
6,5,24.5,294,0.2,5,3.5,0.31,0.0017,105,25,64.5
6,5,27.9,294,0.2,5,3.5,0.31,0.0017,105,25,74.7
6,5,29.9,294,0.2,5,3.5,0.31,0.0017,105,25,94.4
6,5,33.2,294,0.2,5,3.5,0.31,0.0017,105,25,78.1
6,5,35.1,294,0.2,5,3.5,0.31,0.0017,105,25,85.8
6,5,35.1,294,0.2,5,3.5,0.31,0.0017,105,25,95.1
6,5,35.2,294,0.2,5,3.5,0.31,0.0017,105,25,108.7
6,5,36,294,0.2,5,3.5,0.31,0.0017,105,25,87.5
6,5,37,294,0.2,5,3.5,0.31,0.0017,105,25,94.8
6,5,37.4,294,0.2,5,3.5,0.31,0.0017,105,25,82.7
6,5,40.1,294,0.2,5,3.5,0.31,0.0017,105,25,101.6
6,5,43.4,294,0.2,5,3.5,0.31,0.0017,105,25,97.4
6,5,44.2,294,0.2,5,3.5,0.31,0.0017,105,25,105.1
6,5,44.7,294,0.2,5,3.5,0.31,0.0017,105,25,102.4
6,5,45.8,294,0.2,5,3.5,0.31,0.0017,105,25,91.9
6,5,45.7,294,0.2,5,3.5,0.31,0.0017,105,25,105.7
6,5,68.8,294,0.2,5,3.5,0.31,0.0017,105,25,86.4
6,5,69.8,294,0.2,5,3.5,0.31,0.0017,105,25,89.4
6,5,71.3,294,0.2,5,3.5,0.31,0.0017,105,25,103
6,5,73,294,0.2,5,3.5,0.31,0.0017,105,25,107.2
7,7.5,52.3,230,0.3,6,3.86,0.31,0.0017,120,25,27.9
7,7.5,54,230,0.3,6,3.86,0.31,0.0017,120,25,51.7
7,7.5,55.7,230,0.3,6,3.86,0.31,0.0017,120,25,29
7,7.5,56.8,230,0.3,6,3.86,0.31,0.0017,120,25,25.7
7,7.5,58.5,230,0.3,6,3.86,0.31,0.0017,120,25,23.1
7,7.5,59.6,230,0.3,6,3.86,0.31,0.0017,120,25,25
7,7.5,64.2,230,0.3,6,3.86,0.31,0.0017,120,25,24.7
7,7.5,65.3,230,0.3,6,3.86,0.31,0.0017,120,25,22.1
7,7.5,68.1,230,0.3,6,3.86,0.31,0.0017,120,25,26.6
7,7.5,68.1,230,0.3,6,3.86,0.31,0.0017,120,25,37.1
7,7.5,69.8,230,0.3,6,3.86,0.31,0.0017,120,25,41.2
7,7.5,74.1,230,0.3,6,3.86,0.31,0.0017,120,25,29.8
7,7.5,76.9,230,0.3,6,3.86,0.31,0.0017,120,25,34.2
7,7.5,80,230,0.3,6,3.86,0.31,0.0017,120,25,44.4
7,7.5,85.7,230,0.3,6,3.86,0.31,0.0017,120,25,36.5
7,7.5,85.7,230,0.3,6,3.86,0.31,0.0017,120,25,38
7,7.5,97,230,0.3,6,3.86,0.31,0.0017,120,25,41.8
7,7.5,102.6,230,0.3,6,3.86,0.31,0.0017,120,25,43.1
7,7.5,142.8,230,0.3,6,3.86,0.31,0.0017,120,25,45.1
8,7,80,233,0.2,7,3.96,0.37,0.0333,135,25,39.3
8,7,80,233,0.2,7,3.068,0.37,0.0333,135,60,29.3
8,7,80,233,0.2,7,2.51,0.37,0.0333,135,90,30.5
,7,80,233,0.2,7,1.59,0.37,0.0333,135,120,12.2
,10,561,70,0.22,8,3.2,0.35,0.08,27,25,9
,10,731,70,0.22,8,3.2,0.35,0.08,27,25,10.5
,10,687,70,0.22,8,3.2,0.35,0.08,27,25,10
8,10,786,70,0.22,8,3.2,0.35,0.08,27,25,11
9,10,524,70,0.22,8,3.2,0.35,0.08,27,25,11
9,12,127,3.39,0.37,9,3.29,0.31,0.0167,26,25,9.4
9,12,127.9,3.39,0.37,9,3.29,0.31,0.0167,26,25,7.5
9,12,129.4,3.39,0.37,9,3.29,0.31,0.0167,26,25,9
9,12,129.8,3.39,0.37,9,3.29,0.31,0.0167,26,25,8.5
10,12,131.3,3.39,0.37,9,3.29,0.31,0.0167,26,25,8
10,12,135.8,3.39,0.37,9,3.29,0.31,0.0167,26,25,8.5
10,12,136,3.39,0.37,9,3.29,0.31,0.0167,26,25,9.2
10,12,138.4,3.39,0.37,9,3.29,0.31,0.0167,26,25,9.7
10,12,139.6,3.39,0.37,9,3.29,0.31,0.0167,26,25,8
10,12,142.7,3.39,0.37,9,3.29,0.31,0.0167,26,25,8
10,12,143.9,3.39,0.37,9,3.29,0.31,0.0167,26,25,8.8
10,12,145.4,3.39,0.37,9,3.29,0.31,0.0167,26,25,8.8
10,12,146.3,3.39,0.37,9,3.29,0.31,0.0167,26,25,9
10,12,146.3,3.39,0.37,9,3.29,0.31,0.0167,26,25,7.5
10,12,149.9,3.39,0.37,9,3.29,0.31,0.0167,26,25,7.3
10,12,152.3,3.39,0.37,9,3.29,0.31,0.0167,26,25,8.3
10,12,152.1,3.39,0.37,9,3.29,0.31,0.0167,26,25,8.5
10,12,154.2,3.39,0.37,9,3.29,0.31,0.0167,26,25,8.5
10,12,157.6,3.39,0.37,9,3.29,0.31,0.0167,26,25,7.9
10,12,159.7,3.39,0.37,9,3.29,0.31,0.0167,26,25,9.3
10,12,160.9,3.39,0.37,9,3.29,0.31,0.0167,26,25,8
10,12,162.8,3.39,0.37,9,3.29,0.31,0.0167,26,25,7.7
10,12,164.7,3.39,0.37,9,3.29,0.31,0.0167,26,25,7.3
10,12,167.8,3.39,0.37,9,3.29,0.31,0.0167,26,25,8.8
10,12,170,3.39,0.37,9,3.29,0.31,0.0167,26,25,8.8
10,12,170.5,3.39,0.37,9,3.29,0.31,0.0167,26,25,8.6
10,12,171.4,3.39,0.37,9,3.29,0.31,0.0167,26,25,8
10,12,174,3.39,0.37,9,3.29,0.31,0.0167,26,25,8.8
10,12,173.3,3.39,0.37,9,3.29,0.31,0.0167,26,25,9.4
10,12,175.2,3.39,0.37,9,3.29,0.31,0.0167,26,25,8.1
10,12,177.6,3.39,0.37,9,3.29,0.31,0.0167,26,25,7.7
10,12,178.6,3.39,0.37,9,3.29,0.31,0.0167,26,25,8.5
10,12,180.3,3.39,0.37,9,3.29,0.31,0.0167,26,25,9.4
10,12,182.9,3.39,0.37,9,3.29,0.31,0.0167,26,25,8
10,12,183.8,3.39,0.37,9,3.29,0.31,0.0167,26,25,7.7
10,12,184.8,3.39,0.37,9,3.29,0.31,0.0167,26,25,8.2
10,12,189.3,3.39,0.37,9,3.29,0.31,0.0167,26,25,8
10,12,190.1,3.39,0.37,9,3.29,0.31,0.0167,26,25,7.6
10,12,192,3.39,0.37,9,3.29,0.31,0.0167,26,25,8.7
10,12,194.4,3.39,0.37,9,3.29,0.31,0.0167,26,25,7.6
10,12,195.8,3.39,0.37,9,3.29,0.31,0.0167,26,25,8.5
10,12,201.5,3.39,0.37,9,3.29,0.31,0.0167,26,25,7.8
10,12,204.9,3.39,0.37,9,3.29,0.31,0.0167,26,25,8.1
10,12,206.3,3.39,0.37,9,3.29,0.31,0.0167,26,25,8.5
10,12,209.9,3.39,0.37,9,3.29,0.31,0.0167,26,25,8
10,12,211.1,3.39,0.37,9,3.29,0.31,0.0167,26,25,7.8
10,12,217.1,3.39,0.37,9,3.29,0.31,0.0167,26,25,7.7
10,160,1542.7,3.39,0.37,9,3.29,0.31,0.0167,26,25,4.5
10,160,1552.3,3.39,0.37,9,3.29,0.31,0.0167,26,25,4.2
10,160,1556.7,3.39,0.37,9,3.29,0.31,0.0167,26,25,4.5
10,160,1572.9,3.39,0.37,9,3.29,0.31,0.0167,26,25,4
10,160,1583.2,3.39,0.37,9,3.29,0.31,0.0167,26,25,4.1
10,160,1593.6,3.39,0.37,9,3.29,0.31,0.0167,26,25,3.6
10,160,1603.1,3.39,0.37,9,3.29,0.31,0.0167,26,25,3.6
10,160,1603.1,3.39,0.37,9,3.29,0.31,0.0167,26,25,4.9
10,160,1603.9,3.39,0.37,9,3.29,0.31,0.0167,26,25,4.4
10,160,1620.1,3.39,0.37,9,3.29,0.31,0.0167,26,25,4.3
10,160,1634.1,3.39,0.37,9,3.29,0.31,0.0167,26,25,4.8
10,160,1645.1,3.39,0.37,9,3.29,0.31,0.0167,26,25,4.5
10,160,1645.9,3.39,0.37,9,3.29,0.31,0.0167,26,25,3.8
10,160,1651,3.39,0.37,9,3.29,0.31,0.0167,26,25,4
10,160,1656.2,3.39,0.37,9,3.29,0.31,0.0167,26,25,4.1
10,160,1654,3.39,0.37,9,3.29,0.31,0.0167,26,25,4.3
10,160,1665.7,3.39,0.37,9,3.29,0.31,0.0167,26,25,4.4
10,160,1671.6,3.39,0.37,9,3.29,0.31,0.0167,26,25,4.6
10,160,1670.9,3.39,0.37,9,3.29,0.31,0.0167,26,25,4.1
10,160,1674.6,3.39,0.37,9,3.29,0.31,0.0167,26,25,3.9
10,160,1682.7,3.39,0.37,9,3.29,0.31,0.0167,26,25,4.3
10,160,1680.5,3.39,0.37,9,3.29,0.31,0.0167,26,25,4.2
10,160,1690.8,3.39,0.37,9,3.29,0.31,0.0167,26,25,4.7
10,160,1691.5,3.39,0.37,9,3.29,0.31,0.0167,26,25,3.9
10,160,1701.1,3.39,0.37,9,3.29,0.31,0.0167,26,25,4
10,160,1711.4,3.39,0.37,9,3.29,0.31,0.0167,26,25,4
10,160,1710.7,3.39,0.37,9,3.29,0.31,0.0167,26,25,4.4
10,160,1711.4,3.39,0.37,9,3.29,0.31,0.0167,26,25,3.4
10,160,1721.7,3.39,0.37,9,3.29,0.31,0.0167,26,25,3.8
10,160,1749.7,3.39,0.37,9,3.29,0.31,0.0167,26,25,3.6
10,160,1748.3,3.39,0.37,9,3.29,0.31,0.0167,26,25,3.8
10,160,1744.6,3.39,0.37,9,3.29,0.31,0.0167,26,25,3.7
10,160,1749,3.39,0.37,9,3.29,0.31,0.0167,26,25,4.1
10,160,1777,3.39,0.37,9,3.29,0.31,0.0167,26,25,4
10,160,1774,3.39,0.37,9,3.29,0.31,0.0167,26,25,4.1
10,160,1779.9,3.39,0.37,9,3.29,0.31,0.0167,26,25,3.6
10,160,1799.8,3.39,0.37,9,3.29,0.31,0.0167,26,25,4.2
10,160,1804.2,3.39,0.37,9,3.29,0.31,0.0167,26,25,4.6
10,160,1810.9,3.39,0.37,9,3.29,0.31,0.0167,26,25,4
10,160,1820.4,3.39,0.37,9,3.29,0.31,0.0167,26,25,4.1
10,160,1820.4,3.39,0.37,9,3.29,0.31,0.0167,26,25,3.9
10,160,1833,3.39,0.37,9,3.29,0.31,0.0167,26,25,4.1
10,160,1825.6,3.39,0.37,9,3.29,0.31,0.0167,26,25,3.5
10,160,1851.4,3.39,0.37,9,3.29,0.31,0.0167,26,25,4.5
10,160,1853.6,3.39,0.37,9,3.29,0.31,0.0167,26,25,4
10,160,1855.1,3.39,0.37,9,3.29,0.31,0.0167,26,25,3.7
10,200,1504.5,3.39,0.37,9,3.29,0.31,0.0167,26,25,3.5
10,200,1513,3.39,0.37,9,3.29,0.31,0.0167,26,25,3.5
10,200,1522.4,3.39,0.37,9,3.29,0.31,0.0167,26,25,3.2
10,200,1524,3.39,0.37,9,3.29,0.31,0.0167,26,25,3.7
10,200,1545.1,3.39,0.37,9,3.29,0.31,0.0167,26,25,3.8
10,200,1549,3.39,0.37,9,3.29,0.31,0.0167,26,25,3.5
10,200,1552.8,3.39,0.37,9,3.29,0.31,0.0167,26,25,3
10,200,1560.7,3.39,0.37,9,3.29,0.31,0.0167,26,25,3.2
10,200,1565.4,3.39,0.37,9,3.29,0.31,0.0167,26,25,3.6
10,200,1571.7,3.39,0.37,9,3.29,0.31,0.0167,26,25,3.7
10,200,1571.6,3.39,0.37,9,3.29,0.31,0.0167,26,25,3.5
10,200,1580.2,3.39,0.37,9,3.29,0.31,0.0167,26,25,3.3
10,200,1602.1,3.39,0.37,9,3.29,0.31,0.0167,26,25,3.7
10,200,1611.5,3.39,0.37,9,3.29,0.31,0.0167,26,25,3.9
10,200,1615.3,3.39,0.37,9,3.29,0.31,0.0167,26,25,3
10,200,1621.6,3.39,0.37,9,3.29,0.31,0.0167,26,25,3.3
10,200,1624.7,3.39,0.37,9,3.29,0.31,0.0167,26,25,3.1
10,200,1643.5,3.39,0.37,9,3.29,0.31,0.0167,26,25,3.2
10,200,1643.5,3.39,0.37,9,3.29,0.31,0.0167,26,25,3.3
10,200,1655.2,3.39,0.37,9,3.29,0.31,0.0167,26,25,3.2
10,200,1654.4,3.39,0.37,9,3.29,0.31,0.0167,26,25,3
10,200,1667.7,3.39,0.37,9,3.29,0.31,0.0167,26,25,3.2
10,200,1688,3.39,0.37,9,3.29,0.31,0.0167,26,25,3.4
10,200,1688,3.39,0.37,9,3.29,0.31,0.0167,26,25,3
10,200,1691.9,3.39,0.37,9,3.29,0.31,0.0167,26,25,3
10,200,1692.6,3.39,0.37,9,3.29,0.31,0.0167,26,25,2.8
10,200,1704.4,3.39,0.37,9,3.29,0.31,0.0167,26,25,3.3
10,200,1703.6,3.39,0.37,9,3.29,0.31,0.0167,26,25,3.2
10,200,1727.8,3.39,0.37,9,3.29,0.31,0.0167,26,25,3.1
10,200,1726.4,3.39,0.37,9,3.29,0.31,0.0167,26,25,3.7
10,200,1733.4,3.39,0.37,9,3.29,0.31,0.0167,26,25,3.6
10,200,1733.3,3.39,0.37,9,3.29,0.31,0.0167,26,25,3.4
10,200,1742.7,3.39,0.37,9,3.29,0.31,0.0167,26,25,3.3
10,200,1746.7,3.39,0.37,9,3.29,0.31,0.0167,26,25,3.6
10,200,1751.3,3.39,0.37,9,3.29,0.31,0.0167,26,25,3.3
10,200,1759.9,3.39,0.37,9,3.29,0.31,0.0167,26,25,3.5
10,200,1764.6,3.39,0.37,9,3.29,0.31,0.0167,26,25,3.4
10,200,1766.1,3.39,0.37,9,3.29,0.31,0.0167,26,25,3.1
10,200,1771.6,3.39,0.37,9,3.29,0.31,0.0167,26,25,3.1
10,200,1775.5,3.39,0.37,9,3.29,0.31,0.0167,26,25,3.3
10,200,1790.4,3.39,0.37,9,3.29,0.31,0.0167,26,25,3.3
10,200,1789.5,3.39,0.37,9,3.29,0.31,0.0167,26,25,2.9
10,200,1795.8,3.39,0.37,9,3.29,0.31,0.0167,26,25,3.3
10,200,1811.5,3.39,0.37,9,3.29,0.31,0.0167,26,25,3.3
10,200,1817.7,3.39,0.37,9,3.29,0.31,0.0167,26,25,3.3
10,200,1809.9,3.39,0.37,9,3.29,0.31,0.0167,26,25,3.2
10,200,1816.9,3.39,0.37,9,3.29,0.31,0.0167,26,25,3
10,200,1820,3.39,0.37,9,3.29,0.31,0.0167,26,25,3.2
10,200,1827,3.39,0.37,9,3.29,0.31,0.0167,26,25,3
10,300,1604.7,3.39,0.37,9,3.29,0.31,0.0167,26,25,3
10,300,1608.7,3.39,0.37,9,3.29,0.31,0.0167,26,25,3.3
10,300,1617.9,3.39,0.37,9,3.29,0.31,0.0167,26,25,3.3
10,300,1627,3.39,0.37,9,3.29,0.31,0.0167,26,25,2.9
10,300,1634.1,3.39,0.37,9,3.29,0.31,0.0167,26,25,3
10,300,1634.1,3.39,0.37,9,3.29,0.31,0.0167,26,25,3.2
10,300,1667.5,3.39,0.37,9,3.29,0.31,0.0167,26,25,3
10,300,1683.7,3.39,0.37,9,3.29,0.31,0.0167,26,25,3.1
10,300,1709,3.39,0.37,9,3.29,0.31,0.0167,26,25,2.8
10,300,1708,3.39,0.37,9,3.29,0.31,0.0167,26,25,3.1
10,300,1714.1,3.39,0.37,9,3.29,0.31,0.0167,26,25,3.2
10,300,1726.2,3.39,0.37,9,3.29,0.31,0.0167,26,25,3
10,300,1731.3,3.39,0.37,9,3.29,0.31,0.0167,26,25,3
10,300,1747.5,3.39,0.37,9,3.29,0.31,0.0167,26,25,2.8
10,300,1757.6,3.39,0.37,9,3.29,0.31,0.0167,26,25,2.7
10,300,1759.7,3.39,0.37,9,3.29,0.31,0.0167,26,25,3.2
10,300,1769.8,3.39,0.37,9,3.29,0.31,0.0167,26,25,3.1
10,300,1778.9,3.39,0.37,9,3.29,0.31,0.0167,26,25,2.8
10,300,1782,3.39,0.37,9,3.29,0.31,0.0167,26,25,3.3
10,300,1797.1,3.39,0.37,9,3.29,0.31,0.0167,26,25,3
10,300,1805.2,3.39,0.37,9,3.29,0.31,0.0167,26,25,3
10,300,1806.3,3.39,0.37,9,3.29,0.31,0.0167,26,25,3.4
10,300,1824.5,3.39,0.37,9,3.29,0.31,0.0167,26,25,3.1
10,300,1826.5,3.39,0.37,9,3.29,0.31,0.0167,26,25,3.2
10,300,1847.8,3.39,0.37,9,3.29,0.31,0.0167,26,25,3.2
10,300,1830.6,3.39,0.37,9,3.29,0.31,0.0167,26,25,2.6
10,300,1834.6,3.39,0.37,9,3.29,0.31,0.0167,26,25,2.7
10,300,1846.8,3.39,0.37,9,3.29,0.31,0.0167,26,25,2.4
10,300,1848.8,3.39,0.37,9,3.29,0.31,0.0167,26,25,2.9
10,300,1856.9,3.39,0.37,9,3.29,0.31,0.0167,26,25,2.9
10,300,1867,3.39,0.37,9,3.29,0.31,0.0167,26,25,3.1
10,300,1869.1,3.39,0.37,9,3.29,0.31,0.0167,26,25,2.5
10,300,1881.2,3.39,0.37,9,3.29,0.31,0.0167,26,25,3
10,300,1891.3,3.39,0.37,9,3.29,0.31,0.0167,26,25,2.8
10,300,1915.7,3.39,0.37,9,3.29,0.31,0.0167,26,25,3.3
10,300,1921.7,3.39,0.37,9,3.29,0.31,0.0167,26,25,2.6
10,300,1922.7,3.39,0.37,9,3.29,0.31,0.0167,26,25,2.9
10,300,1929.8,3.39,0.37,9,3.29,0.31,0.0167,26,25,2.9
10,300,1930.8,3.39,0.37,9,3.29,0.31,0.0167,26,25,3
10,300,1940,3.39,0.37,9,3.29,0.31,0.0167,26,25,3.3
10,300,1955.2,3.39,0.37,9,3.29,0.31,0.0167,26,25,2.7
10,300,1974.4,3.39,0.37,9,3.29,0.31,0.0167,26,25,2.5
10,300,1979.5,3.39,0.37,9,3.29,0.31,0.0167,26,25,2.3
10,300,1988.6,3.39,0.37,9,3.29,0.31,0.0167,26,25,2.6
10,300,1990.6,3.39,0.37,9,3.29,0.31,0.0167,26,25,2.9
10,300,2002.8,3.39,0.37,9,3.29,0.31,0.0167,26,25,3
10,300,2003.8,3.39,0.37,9,3.29,0.31,0.0167,26,25,2.8
10,300,2008.8,3.39,0.37,9,3.29,0.31,0.0167,26,25,2.9
10,300,2004.8,3.39,0.37,9,3.29,0.31,0.0167,26,25,3.5
10,300,2018,3.39,0.37,9,3.29,0.31,0.0167,26,25,3.1
10,300,2011.9,3.39,0.37,9,3.29,0.31,0.0167,26,25,2.3
10,7.15,41.8,230,0.26,10,1.2,0.35,0.0017,20,25,6.4
10,7.15,44.8,230,0.26,10,1.2,0.35,0.0017,20,25,6
10,7.15,47,230,0.26,10,1.2,0.35,0.0017,20,25,8.6
10,7.15,50,230,0.26,10,1.2,0.35,0.0017,20,25,8
3,7.15,51.8,230,0.26,10,1.2,0.35,0.0017,20,25,8.6
3,7.15,52.9,230,0.26,10,1.2,0.35,0.0017,20,25,8.4
3,7.15,52.9,230,0.26,10,1.2,0.35,0.0017,20,25,10.1
3,7.15,54.9,230,0.26,10,1.2,0.35,0.0017,20,25,7.3
3,7.15,57.8,230,0.26,10,1.2,0.35,0.0017,20,25,10.8
3,7.15,63.9,230,0.26,10,1.2,0.35,0.0017,20,25,7.6
3,7.15,69.9,230,0.26,10,1.2,0.35,0.0017,20,25,8.9
3,7.15,71.9,230,0.26,10,1.2,0.35,0.0017,20,25,8.1
3,7.15,72.9,230,0.26,10,1.2,0.35,0.0017,20,25,6.1
3,7.15,78,230,0.26,10,1.2,0.35,0.0017,20,25,8
3,7.15,80,230,0.26,10,1.2,0.35,0.0017,20,25,9.5
3,7.15,82,230,0.26,10,1.2,0.35,0.0017,20,25,10.3
3,7.15,84.8,230,0.26,10,1.2,0.35,0.0017,20,25,8.4
3,7.15,89.8,230,0.26,10,1.2,0.35,0.0017,20,25,8.4
3,7.15,97.9,230,0.26,10,1.2,0.35,0.0017,20,25,9.1
3,7.15,101.9,230,0.26,10,1.2,0.35,0.0017,20,25,9.2
3,7.15,114.9,230,0.26,10,1.2,0.35,0.0017,20,25,8.9
3,7.15,31.9,230,0.26,10,1.2,0.35,0.0017,70,25,15.4
3,7.15,40,230,0.26,10,1.2,0.35,0.0017,70,25,16.7
3,7.15,41.9,230,0.26,10,1.2,0.35,0.0017,70,25,15.9
3,7.15,45.1,230,0.26,10,1.2,0.35,0.0017,70,25,16.8
3,7.15,49.1,230,0.26,10,1.2,0.35,0.0017,70,25,14.5
3,7.15,50,230,0.26,10,1.2,0.35,0.0017,70,25,18.7
3,7.15,50.9,230,0.26,10,1.2,0.35,0.0017,70,25,19.2
3,7.15,57.9,230,0.26,10,1.2,0.35,0.0017,70,25,15.4
3,7.15,60,230,0.26,10,1.2,0.35,0.0017,70,25,17.1
3,7.15,67.9,230,0.26,10,1.2,0.35,0.0017,70,25,13.1
3,7.15,71.9,230,0.26,10,1.2,0.35,0.0017,70,25,11.2
3,7.15,74,230,0.26,10,1.2,0.35,0.0017,70,25,15.1
3,7.15,76.8,230,0.26,10,1.2,0.35,0.0017,70,25,18
3,7.15,78.9,230,0.26,10,1.2,0.35,0.0017,70,25,14.1
3,7.15,80.9,230,0.26,10,1.2,0.35,0.0017,70,25,11.6
3,7.15,80.9,230,0.26,10,1.2,0.35,0.0017,70,25,16.5
3,7.15,87,230,0.26,10,1.2,0.35,0.0017,70,25,14.3
3,7.15,92.1,230,0.26,10,1.2,0.35,0.0017,70,25,14
3,7.15,103,230,0.26,10,1.2,0.35,0.0017,70,25,12.6
3,7.15,127,230,0.26,10,1.2,0.35,0.0017,70,25,13
3,7.15,40.9,230,0.26,10,1.2,0.35,0.0017,210,25,18.5
3,7.15,43.1,230,0.26,10,1.2,0.35,0.0017,210,25,17.6
3,7.15,43.9,230,0.26,10,1.2,0.35,0.0017,210,25,19.2
3,7.15,48,230,0.26,10,1.2,0.35,0.0017,210,25,20.5
3,7.15,51,230,0.26,10,1.2,0.35,0.0017,210,25,25.3
3,7.15,52,230,0.26,10,1.2,0.35,0.0017,210,25,30
3,7.15,53.9,230,0.26,10,1.2,0.35,0.0017,210,25,22.3
3,7.15,56,230,0.26,10,1.2,0.35,0.0017,210,25,24.7
3,7.15,63.1,230,0.26,10,1.2,0.35,0.0017,210,25,21.9
3,7.15,66.9,230,0.26,10,1.2,0.35,0.0017,210,25,26.6
3,7.15,68,230,0.26,10,1.2,0.35,0.0017,210,25,21.7
3,7.15,69,230,0.26,10,1.2,0.35,0.0017,210,25,24.6
3,7.15,69.9,230,0.26,10,1.2,0.35,0.0017,210,25,22.2
3,7.15,76,230,0.26,10,1.2,0.35,0.0017,210,25,24.6
3,7.15,83,230,0.26,10,1.2,0.35,0.0017,210,25,23.1
3,7.15,89,230,0.26,10,1.2,0.35,0.0017,210,25,25.5
3,7.15,89.9,230,0.26,10,1.2,0.35,0.0017,210,25,20.8
3,7.15,89.9,230,0.26,10,1.2,0.35,0.0017,210,25,24.2
3,7.15,90.9,230,0.26,10,1.2,0.35,0.0017,210,25,23
3,7.15,98,230,0.26,10,1.2,0.35,0.0017,210,25,21.8
3,7.15,27.1,230,0.26,10,1.2,0.35,0.0017,270,25,42.8
3,7.15,43,230,0.26,10,1.2,0.35,0.0017,270,25,40.4
3,7.15,44,230,0.26,10,1.2,0.35,0.0017,270,25,32.4
3,7.15,46,230,0.26,10,1.2,0.35,0.0017,270,25,33.9
3,7.15,46,230,0.26,10,1.2,0.35,0.0017,270,25,32.9
3,7.15,53.9,230,0.26,10,1.2,0.35,0.0017,270,25,36.3
3,7.15,57.9,230,0.26,10,1.2,0.35,0.0017,270,25,40.8
3,7.15,61.9,230,0.26,10,1.2,0.35,0.0017,270,25,38.1
3,7.15,67.1,230,0.26,10,1.2,0.35,0.0017,270,25,37.9
3,7.15,70,230,0.26,10,1.2,0.35,0.0017,270,25,41.4
3,7.15,72,230,0.26,10,1.2,0.35,0.0017,270,25,34
3,7.15,73,230,0.26,10,1.2,0.35,0.0017,270,25,33.5
3,7.15,73,230,0.26,10,1.2,0.35,0.0017,270,25,34.8
3,7.15,73.9,230,0.26,10,1.2,0.35,0.0017,270,25,38.7
3,7.15,76,230,0.26,10,1.2,0.35,0.0017,270,25,32.8
3,7.15,76,230,0.26,10,1.2,0.35,0.0017,270,25,31.6
3,7.15,84,230,0.26,10,1.2,0.35,0.0017,270,25,32.4
3,7.15,88,230,0.26,10,1.2,0.35,0.0017,270,25,30.9
3,7.15,88.9,230,0.26,10,1.2,0.35,0.0017,270,25,28.6
3,7.15,91,230,0.26,10,1.2,0.35,0.0017,270,25,35.8
3,7.15,35,230,0.26,10,1.2,0.35,0.0017,370,25,40.7
3,7.15,35,230,0.26,10,1.2,0.35,0.0017,370,25,42
3,7.15,36,230,0.26,10,1.2,0.35,0.0017,370,25,39.6
3,7.15,36,230,0.26,10,1.2,0.35,0.0017,370,25,43.3
3,7.15,37,230,0.26,10,1.2,0.35,0.0017,370,25,39.7
3,7.15,38,230,0.26,10,1.2,0.35,0.0017,370,25,44.5
3,7.15,38,230,0.26,10,1.2,0.35,0.0017,370,25,45.7
3,7.15,39,230,0.26,10,1.2,0.35,0.0017,370,25,43.4
3,7.15,39,230,0.26,10,1.2,0.35,0.0017,370,25,45.7
3,7.15,40,230,0.26,10,1.2,0.35,0.0017,370,25,41.2
3,7.15,40,230,0.26,10,1.2,0.35,0.0017,370,25,43.4
3,7.15,41,230,0.26,10,1.2,0.35,0.0017,370,25,40.2
3,7.15,42,230,0.26,10,1.2,0.35,0.0017,370,25,43.5
3,7.15,43,230,0.26,10,1.2,0.35,0.0017,370,25,41.4
3,7.15,43,230,0.26,10,1.2,0.35,0.0017,370,25,42.5
3,7.15,44,230,0.26,10,1.2,0.35,0.0017,370,25,39.4
3,7.15,44,230,0.26,10,1.2,0.35,0.0017,370,25,43.5
3,7.15,44,230,0.26,10,1.2,0.35,0.0017,370,25,44.5
3,7.15,45,230,0.26,10,1.2,0.35,0.0017,370,25,40.6
3,7.15,46,230,0.26,10,1.2,0.35,0.0017,370,25,43.6
3,7.15,47,230,0.26,10,1.2,0.35,0.0017,370,25,41.7
3,7.15,48,230,0.26,10,1.2,0.35,0.0017,370,25,42.7
3,7.15,50,230,0.26,10,1.2,0.35,0.0017,370,25,42.8
3,7,39.6,230,0.26,3,3.5,0.36,0.04,120,25,50.7
3,7,43.9,230,0.26,3,3.5,0.36,0.04,120,25,51.8
3,7,45.7,230,0.26,3,3.5,0.36,0.04,120,25,45.6
3,7,48.5,230,0.26,3,3.5,0.36,0.04,120,25,60.8
3,7,48.7,230,0.26,3,3.5,0.36,0.04,120,25,56.5
3,7,53.4,230,0.26,3,3.5,0.36,0.04,120,25,56.1
3,7,53.6,230,0.26,3,3.5,0.36,0.04,120,25,51
3,7,55.2,230,0.26,3,3.5,0.36,0.04,120,25,43.1
3,7,57.7,230,0.26,3,3.5,0.36,0.04,120,25,56.5
3,7,59.5,230,0.26,3,3.5,0.36,0.04,120,25,53.6
3,7,60.1,230,0.26,3,3.5,0.36,0.04,120,25,58.6
3,7,60.5,230,0.26,3,3.5,0.36,0.04,120,25,46.3
3,7,60.9,230,0.26,3,3.5,0.36,0.04,120,25,44.9
3,7,63.1,230,0.26,3,3.5,0.36,0.04,120,25,55
3,7,63.4,230,0.26,3,3.5,0.36,0.04,120,25,46
3,7,64,230,0.26,3,3.5,0.36,0.04,120,25,46
3,7,65,230,0.26,3,3.5,0.36,0.04,120,25,52.1
3,7,67,230,0.26,3,3.5,0.36,0.04,120,25,55.7
3,7,70,230,0.26,3,3.5,0.36,0.04,120,25,56.8
3,7,73.1,230,0.26,3,3.5,0.36,0.04,120,25,46.3
3,7,75.7,230,0.26,3,3.5,0.36,0.04,120,25,49.6
3,7,76.8,230,0.26,3,3.5,0.36,0.04,120,25,41.3
3,7,76.8,230,0.26,3,3.5,0.36,0.04,120,25,50
3,7,76.8,230,0.26,3,3.5,0.36,0.04,120,25,58.6
3,7,78.4,230,0.26,3,3.5,0.36,0.04,120,25,46
3,7,79,230,0.26,3,3.5,0.36,0.04,120,25,54.3
3,7,79,230,0.26,3,3.5,0.36,0.04,120,25,58.3
3,7,82.4,230,0.26,3,3.5,0.36,0.04,120,25,42.7
3,7,85.1,230,0.26,3,3.5,0.36,0.04,120,25,52.1
3,7,95,230,0.26,3,3.5,0.36,0.04,120,25,49.2
3,7,95.4,230,0.26,3,3.5,0.36,0.04,120,25,44.5
5,17.5,125.9,75.7,0.17,4,3.259,0.36,0.01,150,25.6,26.6
5,17.5,139.4,75.7,0.17,4,3.259,0.36,0.01,150,25.6,26.8
5,17.5,178.3,75.7,0.17,4,3.259,0.36,0.01,150,25.6,26.8
5,17.5,232.2,75.7,0.17,4,3.259,0.36,0.01,150,25.6,26.4
5,17.5,283.1,75.7,0.17,4,3.259,0.36,0.01,150,25.6,26.7
5,17.5,335.5,75.7,0.17,4,3.259,0.36,0.01,150,25.6,26.3
5,17.5,388,75.7,0.17,4,3.259,0.36,0.01,150,25.6,25.8
5,17.5,125.9,75.7,0.17,4,2.955,0.36,0.01,150,40,22.8
5,17.5,179.8,75.7,0.17,4,2.955,0.36,0.01,150,40,21.5
5,17.5,230.7,75.7,0.17,4,2.955,0.36,0.01,150,40,20.9
5,17.5,244.2,75.7,0.17,4,2.955,0.36,0.01,150,40,20.8
5,17.5,256.2,75.7,0.17,4,2.955,0.36,0.01,150,40,20.2
5,17.5,283.1,75.7,0.17,4,2.955,0.36,0.01,150,40,20.3
5,17.5,335.5,75.7,0.17,4,2.955,0.36,0.01,150,40,19.7
5,17.5,388,75.7,0.17,4,2.955,0.36,0.01,150,40,19
5,17.5,440.4,75.7,0.17,4,2.955,0.36,0.01,150,40,18.9
5,17.5,492.8,75.7,0.17,4,2.955,0.36,0.01,150,40,18.4
5,17.5,179.8,75.7,0.17,4,2.786,0.36,0.01,150,60,18.6
5,17.5,232.2,75.7,0.17,4,2.786,0.36,0.01,150,60,17.2
5,17.5,271.2,75.7,0.17,4,2.786,0.36,0.01,150,60,16.5
5,17.5,284.6,75.7,0.17,4,2.786,0.36,0.01,150,60,16.3
5,17.5,335.5,75.7,0.17,4,2.786,0.36,0.01,150,60,15.7
5,17.5,388,75.7,0.17,4,2.786,0.36,0.01,150,60,15.2
5,17.5,440.4,75.7,0.17,4,2.786,0.36,0.01,150,60,14.8
5,17.5,492.8,75.7,0.17,4,2.786,0.36,0.01,150,60,14.4
5,17.5,127.4,75.7,0.17,4,2.185,0.36,0.01,150,80,19.8
5,17.5,179.8,75.7,0.17,4,2.185,0.36,0.01,150,80,16.2
5,17.5,190.3,75.7,0.17,4,2.185,0.36,0.01,150,80,15.5
5,17.5,230.7,75.7,0.17,4,2.185,0.36,0.01,150,80,14.3
5,17.5,283.1,75.7,0.17,4,2.185,0.36,0.01,150,80,12.9
5,17.5,335.5,75.7,0.17,4,2.185,0.36,0.01,150,80,12.2
5,17.5,388,75.7,0.17,4,2.185,0.36,0.01,150,80,11.4
5,17.5,440.4,75.7,0.17,4,2.185,0.36,0.01,150,80,10.9
5,17.5,492.8,75.7,0.17,4,2.185,0.36,0.01,150,80,10.6
5,17.5,543.7,75.7,0.17,4,2.185,0.36,0.01,150,80,10.2
5,17.5,178.3,75.7,0.17,4,1.731,0.36,0.01,150,100,13.1
5,17.5,230.7,75.7,0.17,4,1.731,0.36,0.01,150,100,11.1
5,17.5,269.7,75.7,0.17,4,1.731,0.36,0.01,150,100,10
5,17.5,283.1,75.7,0.17,4,1.731,0.36,0.01,150,100,10
5,17.5,335.5,75.7,0.17,4,1.731,0.36,0.01,150,100,8.9
5,17.5,388,75.7,0.17,4,1.731,0.36,0.01,150,100,8.3
5,17.5,440.4,75.7,0.17,4,1.731,0.36,0.01,150,100,7.9
5,17.5,491.3,75.7,0.17,4,1.731,0.36,0.01,150,100,7.5
5,17.5,543.7,75.7,0.17,4,1.731,0.36,0.01,150,100,7.2
5,17.5,596.1,75.7,0.17,4,1.731,0.36,0.01,150,100,6.9
5,17.5,115.4,75.7,0.17,4,1.731,0.36,0.01,150,120,13.2
5,17.5,127.4,75.7,0.17,4,1.731,0.36,0.01,150,120,12.6
5,17.5,179.8,75.7,0.17,4,1.731,0.36,0.01,150,120,9.2
5,17.5,232.2,75.7,0.17,4,1.731,0.36,0.01,150,120,7.8
5,17.5,284.6,75.7,0.17,4,1.731,0.36,0.01,150,120,6.7
5,17.5,337,75.7,0.17,4,1.731,0.36,0.01,150,120,5.9
5,17.5,389.5,75.7,0.17,4,1.731,0.36,0.01,150,120,5.2
5,17.5,441.9,75.7,0.17,4,1.731,0.36,0.01,150,120,5
8,7,80,233,0.2,7,3.96,0.37,0.0333,135,25,39.3
8,7,80,233,0.2,7,3.068,0.37,0.0333,135,60,29.3
8,7,80,233,0.2,7,2.51,0.37,0.0333,135,90,30.5
8,7,80,233,0.2,7,1.59,0.37,0.0333,135,120,12.2
5,17.5,114.7,230,0.2,4,3,0.36,0.01,150,25,21.7
5,17.5,123.1,230,0.2,4,3,0.36,0.01,150,25,20.8
5,17.5,148.3,230,0.2,4,3,0.36,0.01,150,25,21
5,17.5,165,230,0.2,4,3,0.36,0.01,150,25,20.5
5,17.5,162.2,230,0.2,4,3,0.36,0.01,150,25,21.2
5,17.5,179,230,0.2,4,3,0.36,0.01,150,25,20.4
5,17.5,184.6,230,0.2,4,3,0.36,0.01,150,25,20.9
5,17.5,193,230,0.2,4,3,0.36,0.01,150,25,20.1
5,17.5,198.6,230,0.2,4,3,0.36,0.01,150,25,20.6
5,17.5,198.6,230,0.2,4,3,0.36,0.01,150,25,20.7
5,17.5,215.4,230,0.2,4,3,0.36,0.01,150,25,20.4
5,17.5,226.6,230,0.2,4,3,0.36,0.01,150,25,20.6
5,17.5,235,230,0.2,4,3,0.36,0.01,150,25,20.5
5,17.5,251.7,230,0.2,4,3,0.36,0.01,150,25,19.8
5,17.5,237.8,230,0.2,4,3,0.36,0.01,150,25,19.7
5,17.5,257.3,230,0.2,4,3,0.36,0.01,150,25,19.2
5,17.5,274.1,230,0.2,4,3,0.36,0.01,150,25,19.5
5,17.5,254.5,230,0.2,4,3,0.36,0.01,150,25,19.4
5,17.5,262.9,230,0.2,4,3,0.36,0.01,150,25,19.4
5,17.5,271.3,230,0.2,4,3,0.36,0.01,150,25,19.1
5,17.5,282.5,230,0.2,4,3,0.36,0.01,150,25,18.8
5,17.5,285.3,230,0.2,4,3,0.36,0.01,150,25,18.4
5,17.5,293.7,230,0.2,4,3,0.36,0.01,150,25,17.8
5,17.5,299.3,230,0.2,4,3,0.36,0.01,150,25,17.4
5,17.5,313.3,230,0.2,4,3,0.36,0.01,150,25,16.9
5,17.5,321.7,230,0.2,4,3,0.36,0.01,150,25,16.5
5,17.5,330.1,230,0.2,4,3,0.36,0.01,150,25,16
4,7.2,65,90,0.17,4,3,0.36,0.01,150,25,39.5
4,7.2,65,90,0.17,4,3,0.36,0.01,150,25,40.5
4,7.2,63.3,90,0.17,4,3,0.36,0.01,150,25,40.2
4,7.2,81.7,90,0.17,4,3,0.36,0.01,150,25,40.7
4,7.2,81.7,90,0.17,4,3,0.36,0.01,150,25,41.3
4,7.2,91.7,90,0.17,4,3,0.36,0.01,150,25,40.3
4,7.2,93.3,90,0.17,4,3,0.36,0.01,150,25,38.9
4,7.2,106.7,90,0.17,4,3,0.36,0.01,150,25,39.4
4,7.2,120,90,0.17,4,3,0.36,0.01,150,25,38.8
4,7.2,115,90,0.17,4,3,0.36,0.01,150,25,37.8
4,7.2,111.7,90,0.17,4,3,0.36,0.01,150,25,38.3
4,7.2,120,90,0.17,4,3,0.36,0.01,150,25,38.3
4,7.2,128.3,90,0.17,4,3,0.36,0.01,150,25,38.3
4,7.2,158.3,90,0.17,4,3,0.36,0.01,150,25,38.3
4,7.2,128.3,90,0.17,4,3,0.36,0.01,150,25,37
4,7.2,158.3,90,0.17,4,3,0.36,0.01,150,25,35.6
4,7.2,188.3,90,0.17,4,3,0.36,0.01,150,25,34.4
4,7.2,218.3,90,0.17,4,3,0.36,0.01,150,25,32.9
4,7.2,248.3,90,0.17,4,3,0.36,0.01,150,25,31.4
4,7.2,278.3,90,0.17,4,3,0.36,0.01,150,25,30
